img\08-35-24-845207.jpg 2 428 264 208 205 127 207 264 261
img\09-14-33-098441.jpg 1 164 240 289 233
img\09-17-29-321429.jpg 1 248 234 545 235
img\09-18-44-888681.jpg 1 527 239 225 217
img\09-20-29-672351.jpg 1 397 205 240 254
img\09-21-15-310903.jpg 1 362 185 393 391
img\09-22-17-001553.jpg 1 241 236 239 224
img\09-23-44-292580.jpg 1 317 160 253 303
img\09-24-49-777414.jpg 1 453 278 265 203
img\09-24-53-349155.jpg 1 425 182 205 285
img\09-25-39-046643.jpg 1 298 213 207 248
img\09-25-43-474570.jpg 1 138 95 517 364
img\09-26-39-880135.jpg 1 275 189 253 276
img\09-27-13-846062.jpg 1 375 213 259 249
img\09-30-29-297090.jpg 1 308 218 270 243
img\09-30-32-084914.jpg 1 323 212 219 245
img\09-31-26-297704.jpg 1 258 226 189 235
img\09-31-31-561721.jpg 1 372 246 217 217
img\09-31-48-075927.jpg 1 380 190 241 265
img\09-31-55-803783.jpg 1 246 226 368 233
img\09-32-12-141877.jpg 2 87 191 228 272 452 241 193 224
img\09-32-26-474588.jpg 1 300 245 237 215
img\09-32-29-315696.jpg 1 267 177 320 296
img\09-32-36-938993.jpg 1 265 266 361 245
img\09-33-11-059690.jpg 1 286 289 241 175
img\09-33-12-528727.jpg 1 445 245 245 215
img\09-33-51-037343.jpg 1 135 226 368 242
img\09-34-01-949004.jpg 2 126 258 309 227 455 214 223 250
img\09-34-34-252137.jpg 1 265 250 250 217
img\09-34-38-666505.jpg 2 377 206 222 253 118 240 210 220
img\09-34-53-114642.jpg 1 350 217 228 243
img\09-35-03-670496.jpg 1 266 273 391 260
img\09-35-37-665998.jpg 2 129 274 228 173 530 255 202 202
img\09-35-42-744915.jpg 1 316 216 223 242
img\09-36-15-649035.jpg 1 214 222 419 364
img\09-37-22-006679.jpg 1 283 227 452 363
img\09-37-44-646441.jpg 1 416 239 246 241
img\09-37-45-014411.jpg 1 313 266 407 202
img\09-37-58-814833.jpg 1 198 276 201 168
img\09-38-41-536769.jpg 1 273 223 210 231
img\09-38-42-065087.jpg 1 275 212 255 232
img\09-39-11-016187.jpg 1 188 227 281 330
img\09-40-55-513611.jpg 1 272 247 220 219
img\09-41-13-841597.jpg 1 384 228 373 330
img\09-41-19-508048.jpg 1 162 254 252 239
img\09-43-19-035707.jpg 1 404 279 151 168
img\09-45-19-609785.jpg 1 353 211 245 245
img\09-52-48-261883.jpg 1 371 227 216 228
img\09-52-48-547538.jpg 1 361 207 240 246
img\09-54-46-418658.jpg 1 222 154 278 310
img\09-54-54-163361.jpg 1 269 181 290 278
img\09-55-22-651422.jpg 1 443 201 314 299
img\09-56-22-645420.jpg 1 246 212 320 243
img\09-56-23-075190.jpg 1 407 251 318 225
img\09-56-27-479256.jpg 1 398 169 267 288
img\10-00-06-419672.jpg 1 402 260 305 242
img\10-00-09-125062.jpg 1 421 253 222 205
img\10-05-34-152010.jpg 3 327 260 182 199 88 271 238 197 553 243 191 218
img\10-05-34-589167.jpg 3 527 286 193 170 334 296 181 211 121 278 206 225
img\10-20-45-172927.jpg 1 331 214 223 243
img\10-26-12-372719.jpg 1 233 264 215 197
img\10-28-08-538783.jpg 1 228 244 250 245
img\10-28-09-304504.jpg 1 137 226 331 225
img\10-28-39-551067.jpg 1 408 152 266 363
img\10-32-35-504572.jpg 1 234 248 359 209
img\10-32-36-752923.jpg 1 240 210 274 249
img\10-45-49-424123.jpg 1 308 251 210 205
img\10-45-56-049135.jpg 1 265 101 210 359
img\10-46-08-390503.jpg 1 194 179 200 271
img\10-46-09-514198.jpg 1 107 262 577 179
img\10-46-27-195341.jpg 1 150 246 390 209
img\10-46-34-365867.jpg 1 370 157 205 298
img\10-53-56-403159.jpg 1 290 281 229 172
img\11-10-39-407169.jpg 1 303 257 275 199
img\11-23-29-303334.jpg 1 232 258 218 241
img\11-24-24-182050.jpg 1 114 255 475 311
img\11-24-30-794347.jpg 1 275 212 295 242
img\11-24-31-704686.jpg 1 232 282 340 171
img\11-24-59-993064.jpg 1 315 189 369 288
img\11-54-43-903219.jpg 1 497 231 201 228
img\11-56-10-979753.jpg 1 467 263 313 319
img\11-57-00-124842.jpg 1 135 272 319 188
img\11-58-19-845554.jpg 1 225 220 305 238
img\11-58-25-792826.jpg 1 217 146 402 299
img\11-59-44-545367.jpg 1 374 167 251 284
img\12-00-49-976720.jpg 1 125 245 314 211
img\12-01-29-919218.jpg 2 191 161 231 300 508 207 220 255
img\12-01-42-371122.jpg 1 132 204 433 328
img\12-02-30-301325.jpg 1 195 199 478 376
img\12-07-48-520864.jpg 1 182 181 236 326
img\12-10-30-769757.jpg 1 453 277 250 188
img\12-33-01-851700.jpg 1 307 227 206 232
img\13-57-26-483388.jpg 1 465 190 209 267
img\13-57-26-937539.jpg 1 432 269 246 190
img\13-57-27-423149.jpg 1 379 221 291 236
img\13-57-54-974387.jpg 1 352 288 280 169
img\14-37-06-545400.jpg 4 101 277 144 200 252 273 164 234 424 276 134 231 565 266 168 223
img\14-37-28-178230.jpg 2 495 285 206 218 122 283 253 234
img\15-26-49-611812.jpg 1 376 287 212 208
img\15-26-50-344156.jpg 1 371 226 219 232
img\08-55-27-142175.jpg 1 382 210 324 253
img\08-55-49-024088.jpg 1 331 248 367 207
img\08-56-02-779055.jpg 1 372 216 256 236
img\08-56-27-064588.jpg 1 316 220 282 231
img\08-56-36-126166.jpg 1 280 193 410 266
img\08-57-45-996076.jpg 1 169 225 239 229
img\09-02-31-020620.jpg 1 419 223 215 228
img\09-03-04-737086.jpg 1 285 218 240 235
img\09-03-13-169819.jpg 1 224 268 239 187
img\09-03-21-468582.jpg 1 261 290 206 163
img\09-04-11-840479.jpg 1 361 199 279 251
img\09-12-20-785211.jpg 1 176 215 261 239
img\09-14-00-318156.jpg 1 427 270 246 190
img\09-15-57-076813.jpg 1 214 268 198 183
img\09-19-47-648140.jpg 1 344 232 271 222
img\09-19-47-921328.jpg 1 355 267 246 190
img\09-23-53-399493.jpg 1 316 253 226 206
img\09-25-55-715631.jpg 1 434 260 207 203
img\09-25-59-484985.jpg 1 424 275 214 182
img\09-28-01-416490.jpg 1 391 223 215 228
img\09-35-34-027741.jpg 1 347 229 302 232
img\09-41-37-985242.jpg 1 342 216 186 229
img\09-42-24-683822.jpg 1 148 241 352 215
img\09-42-43-686559.jpg 1 387 238 201 197
img\09-43-09-963165.jpg 1 236 254 164 190
img\09-43-11-580383.jpg 1 212 275 291 156
img\09-43-13-461539.jpg 1 157 205 392 255
img\09-43-38-184016.jpg 1 334 281 216 175
img\09-44-04-710230.jpg 1 364 247 309 213
img\09-44-13-823830.jpg 1 475 238 214 207
img\09-44-19-022720.jpg 1 297 239 295 210
img\09-44-19-230114.jpg 1 269 231 335 209
img\09-44-27-941191.jpg 1 417 211 262 233
img\09-45-34-442460.jpg 1 205 153 449 403
img\09-45-35-840564.jpg 1 181 253 404 200
img\09-47-23-944273.jpg 1 208 271 291 195
img\09-48-43-603454.jpg 1 404 127 245 389
img\09-48-44-902447.jpg 1 272 176 388 265
img\09-51-22-833872.jpg 1 274 259 410 180
img\09-52-08-434910.jpg 1 223 218 301 236
img\09-59-05-231864.jpg 1 450 220 213 226
img\10-07-15-763785.jpg 1 292 190 347 262
img\10-19-08-810820.jpg 1 262 266 222 188
img\10-19-08-971583.jpg 1 264 270 231 184
img\10-22-54-917174.jpg 1 286 205 363 222
img\10-22-55-069705.jpg 1 319 160 293 288
img\10-23-05-247499.jpg 1 366 251 176 197
img\10-27-42-481281.jpg 1 253 238 358 211
img\10-35-54-055733.jpg 1 379 144 261 308
img\10-35-54-328177.jpg 1 385 172 260 282
img\10-35-54-488724.jpg 1 371 189 323 264
img\10-35-58-932342.jpg 1 405 208 274 259
img\10-37-56-474870.jpg 1 285 232 237 222
img\10-39-15-375770.jpg 1 155 166 315 298
img\10-39-15-961298.jpg 1 145 217 336 247
img\10-39-33-693123.jpg 1 378 190 240 264
img\10-39-34-260304.jpg 1 238 220 399 237
img\10-39-48-383018.jpg 1 490 226 222 225
img\10-45-41-511093.jpg 1 439 204 210 241
img\10-45-41-790174.jpg 1 409 233 227 217
img\10-49-47-078531.jpg 1 211 101 372 303
img\10-49-58-252907.jpg 1 249 144 313 303
img\10-49-58-414711.jpg 1 246 106 303 339
img\10-49-58-705458.jpg 1 222 142 350 309
img\10-56-38-932122.jpg 1 278 221 236 232
img\10-59-39-561113.jpg 1 431 163 214 293
img\10-59-40-005756.jpg 1 369 219 284 233
img\10-59-40-326834.jpg 1 349 232 302 219
img\10-59-46-891186.jpg 1 418 168 246 295
img\10-59-48-106265.jpg 1 401 240 258 215
img\10-59-49-156684.jpg 1 316 266 337 238
img\11-20-56-158501.jpg 1 364 172 274 279
img\11-20-56-431875.jpg 1 249 200 385 253
img\11-23-44-432488.jpg 1 328 187 223 259
img\11-36-53-404128.jpg 1 371 175 261 279
img\11-36-53-575474.jpg 1 262 214 357 240
img\11-36-54-091932.jpg 1 223 247 306 204
img\11-36-54-545608.jpg 1 144 262 407 192
img\11-36-54-901545.jpg 1 145 258 403 197
img\11-38-23-714810.jpg 1 424 205 281 246
img\11-38-25-854530.jpg 1 346 244 267 209
img\11-38-30-798756.jpg 1 412 215 249 241
img\11-57-31-532077.jpg 1 244 256 310 203
img\11-57-31-696624.jpg 1 149 239 428 207
img\12-06-37-010378.jpg 1 256 268 228 187
img\12-06-41-539048.jpg 1 235 82 239 361
img\12-08-37-801472.jpg 1 418 259 324 255
img\12-14-37-370333.jpg 1 184 220 356 239
img\13-06-11-493928.jpg 1 301 72 198 219
img\13-15-15-268188.jpg 1 398 181 300 269
img\13-53-42-808527.jpg 1 336 223 315 258
img\16-03-39.jpg 1 335 266 217 218
img\16-05-15.jpg 1 412 217 207 244
img\16-05-36.jpg 1 493 196 220 264
img\16-09-06.jpg 2 86 272 195 189 450 184 234 283
img\16-09-07.jpg 2 454 236 221 227 114 268 214 225
img\16-09-25.jpg 2 33 247 301 219 425 30 262 436
img\16-10-34.jpg 1 423 220 217 240
img\16-11-25-375946.jpg 1 340 214 243 242
img\16-11-26-831426.jpg 1 190 263 289 315
img\16-11-27-152535.jpg 1 114 206 283 247
img\16-11-31-075629.jpg 1 366 238 193 210
img\16-11-31-417400.jpg 1 364 241 186 207
img\16-11-31-681430.jpg 1 360 197 205 254
img\16-11-32-420069.jpg 1 382 274 290 191
img\16-11-32-695871.jpg 1 394 287 270 261
img\16-12-49-331044.jpg 1 383 253 253 246
img\16-14-12-855440.jpg 2 424 218 314 240 94 253 198 209
img\16-17-08-003913.jpg 1 425 88 234 376
img\16-17-08-287753.jpg 1 349 109 285 350
img\16-20-14-244691.jpg 1 231 268 362 192

